00110
01001
01001
01001
01001
01001
00110
00100
01100
00100
00100
00100
00100
01110
00110
01001
00001
00010
00100
01000
01111
00110
01001
00001
00110
00001
01001
00110
00010
00110
00110
01010
01010
01111
00010
01111
01000
01110
00001
00001
01001
00110
00010
00100
01000
01110
01001
01001
00110
01111
00001
00001
00010
00010
00100
00100
00110
01001
01001
00110
01001
01001
00110
00110
01001
01001
00111
00001
00010
00100
00000
01100
01100
00000
01100
01100
00000
00000
00000
00000
00000
00000
01100
01100
00000
00000
00000
01110
00000
00000
00000
00000
00100
00100
11111
00100
00100
00000
00000
00000
00000
00000
00000
00000
00000
11111
11111
11111
11111
11111
11111
11111
00000
00000
00000
00000
00000
00000
00000
11111
11111
11111
11111
11111
11111
11111
00000
00000
00000
00000
00000
00000
00000
11111
11111
11111
11111
11111
11111
11111
00000
00000
00000
00000
00000
00000
00000
11111
11111
11111
11111
11111
11111
11111
00000
00000
00000
00000
00000
00000
00000
11111
11111
11111
11111
11111
11111
11111
00000
00000
00000
00000
00000
00000
00000
11111
11111
11111
11111
11111
11111
11111
00000
00000
00000
00000
00000
00000
00000
11111
11111
11111
11111
11111
11111
11111
00000
00000
00000
00000
00000
00000
00000
11111
11111
11111
11111
11111
11111
11111